1380,5
1380,4
1375,6
1371,5
1371,4
1421,8
1421,7
1421,6
1421,5
1421,4
1421,3
1421,2
0,362
1421,1
1421,0
0,418
1420,7
1420,6
1420,5
1420,4
1420,3
1420,2
1420,1
1420,0
1419,6
1419,5
1419,4
1419,3
1419,2
1419,1
1419,0
1418,5
1418,4
1418,3
1418,2
1418,1
1418,0
1417,4
1417,3
1417,2
1417,1
1417,0
1395,7
1395,6
1415,4
1361,9
1361,8
1361,7
1361,6
1358,18
1358,17
1416,3
1416,2
1416,1
1416,0
1415,3
1415,2
1415,1
1415,0
1414,8
1414,7
1414,6
1414,5
1414,4
1414,3
1414,2
1414,1
1414,0
1413,7
1413,6
1413,5
1413,4
1413,3
1413,2
1413,1
1413,0
0,415
1412,4
1412,3
1412,2
1412,1
1412,0
1411,3
1411,2
1411,1
1411,0
0,414
0,413
0,412
1410,7
1410,6
1410,5
1410,4
1410,3
1410,2
1410,1
1410,0
0,411
1383,9
1409,7
1409,6
1409,5
1409,4
1409,3
1409,2
1409,1
1409,0
1343,4
0,410
1406,6
0,409
1406,5
1406,4
0,406
0,405
1408,4
1408,3
1408,2
1408,1
1408,0
1407,7
1407,6
1407,5
1407,4
1407,3
1407,2
0,403
1407,1
1407,0
0,402
1406,3
1406,2
0,401
1406,1
1406,0
0,400
1405,3
1405,2
1405,1
1405,0
1343,2
4,1
1343,1
4,3
1343,0
4,0
1342,8
1355,4
1342,7
1382,1
1342,6
1382,3
1342,5
1382,0
1342,4
1397,1
1342,2
1397,3
1340,5
1340,4
1397,0
1396,1
1340,3
1340,2
1396,3
1340,1
1396,0
1340,0
1394,1
2,8
1394,3
2,7
1394,0
0,514
0,513
0,512
1395,1
1395,3
0,511
0,510
1395,0
0,509
1355,1
0,507
1355,3
0,505
1355,0
1342,9
0,501
1342,10
1342,11
0,499
1342,1
1385,5
1342,12
1342,13
0,496
1342,3
0,491
1342,0
1385,4
0,490
1387,1
0,488
0,487
1387,3
0,485
1387,0
0,481
1389,1
1389,3
0,480
1389,0
0,479
1385,1
0,473
1385,3
0,472
1385,0
1367,1
0,471
0,468
1367,3
0,360
0,467
0,465
1367,0
0,464
2,9
0,462
2,6
1,1
0,460
1,3
0,457
1,0
0,456
2,5
0,454
2,1
0,452
2,4
0,450
2,3
0,449
0,448
2,0
0,9
0,420
0,310
0,305
0,308
0,304
0,303
0,302
0,307
0,12
0,359
0,10
0,8
0,0
0,355
0,300
0,459
0,299
0,396
0,298
0,367
0,297
0,386
0,296
0,451
0,295
0,385
0,294
0,435
0,293
0,506
0,292
0,291
0,330
0,290
0,375
0,289
0,373
0,288
0,504
0,287
0,306
0,286
0,369
0,285
0,503
0,284
0,383
0,283
0,376
0,282
0,382
0,281
0,361
0,280
0,329
0,279
0,381
0,278
0,416
0,277
0,502
0,276
0,365
0,275
0,364
1395,4
1343,3
1395,5
1352,0
1352,1
1376,1
1352,3
1353,0
1374,3
1374,1
1353,2
1391,3
1383,0
1353,4
1354,0
1392,0
1354,2
1392,3
1354,3
1371,0
1383,1
1356,0
1371,3
1356,1
1383,18
1380,0
1356,4
1380,3
1380,1
1358,1
1358,2
1383,63
1358,3
1358,4
1358,5
1358,6
1358,7
1358,8
1391,16
1358,9
1391,14
1358,11
1373,0
1358,13
1373,3
1373,1
1358,15
1358,16
1361,0
1391,6
1391,7
1361,2
1361,3
1383,55
1361,4
1383,5
1383,12
1392,4
1383,10
1362,1
1362,3
1362,4
1363,1
1363,2
1363,4
1368,0
1368,1
1368,3
1368,4
1368,6
1368,7
1371,2
1374,2
1375,0
1375,2
1375,3
1375,5
1380,2
1381,0
1381,2
1381,3
1382,2
1383,2
1383,7
1383,11
1383,15
1383,16
1383,19
1383,21
1383,22
1383,24
1383,25
1383,27
1383,29
1383,30
1383,32
1383,33
1383,35
1383,36
1383,38
1383,40
1383,41
1383,43
1383,44
1383,46
1383,48
1383,49
1383,51
1383,52
1383,54
1383,58
1384,0
1384,2
1384,3
1384,5
1384,6
1384,8
1384,10
1384,11
1384,13
1384,14
1384,16
1384,17
1384,19
1384,21
1384,22
1384,24
1384,25
1384,27
1384,29
1384,30
1384,32
1384,33
1384,35
1384,36
1384,38
1384,40
1384,41
1384,43
1385,2
1387,4
1389,2
1389,4
1391,2
1391,9
1391,11
1391,15
1392,2
1394,4
1394,5
1396,2
1396,4
1397,4
1399,1
1399,2
1399,4
1399,5
1399,7
3,6
3,5
3,4
3,2
3,1
3,3
3,0
1,2
2,2
0,322
0,243
0,408
1399,6
1399,3
1399,0
1397,2
1395,2
1394,2
1391,12
1391,10
1389,5
1387,5
1387,2
1384,42
1384,39
1384,37
1384,34
1384,31
1384,28
1384,26
1384,23
1384,20
1384,18
1384,15
1384,12
1384,9
1384,7
1384,4
1384,1
1383,61
1383,53
1383,50
1383,47
1383,45
1383,42
1383,39
1383,37
1383,34
1383,31
1383,28
1383,26
1383,23
1383,20
1383,17
1383,14
1383,8
1383,6
1381,4
1381,1
1376,2
1375,4
1375,1
1373,2
1368,8
1368,5
1368,2
1367,2
1363,3
1363,0
1362,2
1362,0
1361,5
1383,13
1383,4
1391,8
1361,1
1391,5
1391,4
1358,14
1358,12
1391,13
1358,10
1391,1
1391,17
1383,56
1383,57
1383,60
1383,62
1358,0
1356,3
1356,2
1371,1
1355,2
1383,59
1392,1
1354,1
1383,3
1353,3
1391,0
1353,1
1374,0
1352,2
1376,3
1376,0
0,274
0,423
0,273
0,374
0,272
0,318
0,271
0,380
0,270
0,328
0,269
0,358
0,268
0,384
0,267
0,478
0,266
0,265
0,371
0,264
0,477
0,263
0,395
0,262
0,340
0,261
0,379
0,260
0,378
0,259
0,476
0,258
0,327
0,257
0,377
0,256
0,393
0,255
0,325
0,254
0,356
0,253
0,313
0,252
0,326
0,251
0,324
0,250
0,500
0,249
0,372
0,248
0,343
0,247
0,498
0,246
0,370
0,245
0,336
0,244
0,482
0,242
0,497
0,241
0,368
0,240
0,493
0,239
0,321
0,238
0,445
0,237
0,404
0,236
0,398
0,235
0,320
0,234
0,319
0,233
0,309
0,232
0,354
0,231
0,475
0,230
0,366
0,229
0,492
0,228
0,474
0,227
0,301
0,226
0,397
0,225
0,332
0,224
0,394
0,223
0,353
0,222
0,458
0,221
0,352
0,220
0,312
0,219
0,338
0,218
0,489
0,217
0,392
0,216
0,337
0,215
0,341
0,214
0,455
0,213
0,391
0,212
0,453
0,211
0,351
0,210
0,342
0,209
0,335
0,208
0,470
0,207
0,349
0,206
0,508
0,205
0,390
0,204
0,419
0,203
0,334
0,202
0,389
0,201
0,469
0,200
0,350
0,199
0,348
0,198
0,438
0,197
0,388
0,196
0,347
0,195
0,486
0,194
0,417
0,193
0,429
0,192
0,323
0,63
0,339
0,62
0,463
0,61
0,363
0,60
0,333
0,59
0,387
0,58
0,57
0,407
0,56
0,484
0,55
0,357
0,54
0,399
0,53
0,344
0,52
0,495
0,51
0,461
0,50
0,331
0,49
0,346
0,48
0,466
0,47
0,345
0,46
0,483
0,45
0,494
0,6
0,5
0,1
0,11
0,4
0,2
0,3
0,7
